NAME
elise
{76,0,31,64,0,276,1}
{75,1,47,64,248,488,1}
{76,2,58,64,456,674,1}
{75,3,66,64,636,894,1}
{76,4,57,64,840,1044,1}
{71,5,59,64,1024,1254,1}
{74,6,55,64,1218,1448,1}
{72,7,44,64,1418,1686,1}
{69,8,32,64,1678,2042,1}
{45,9,25,64,1694,2072,1}
{52,10,34,64,1916,2274,1}
{57,11,32,64,2104,2298,1}
{60,12,44,64,2268,2466,1}
{64,13,57,64,2448,2656,1}
{69,14,44,64,2630,2844,1}
{71,15,68,64,2828,3102,1}
{40,16,49,64,2846,2976,1}
{52,17,63,64,3000,3162,1}
{56,18,50,64,3172,3324,1}
{64,19,66,64,3358,3570,1}
{68,20,56,64,3536,3760,1}
{71,21,60,64,3720,3938,1}
{45,22,23,64,3920,4210,1}
{72,23,51,64,3928,4290,1}
{52,24,33,64,4140,4298,1}
{57,25,25,64,4368,4562,1}
{64,26,42,64,4552,4738,1}
{76,27,58,64,4754,4944,1}
{75,28,69,64,4928,5150,1}
{76,29,73,64,5120,5318,1}
{75,30,71,64,5296,5538,1}
{76,31,61,64,5510,5696,1}
{71,32,59,64,5684,5892,1}
{74,33,59,64,5872,6062,1}
{72,34,52,64,6056,6278,1}
{69,35,33,64,6288,6570,1}
{45,36,16,64,6308,6522,1}
{52,37,24,64,6522,6658,1}
{57,38,18,64,6714,6820,1}
{60,39,46,64,6864,7078,1}
{64,40,56,64,7056,7266,1}
{69,41,39,64,7244,7478,1}
{71,42,51,64,7448,7702,1}
{40,43,39,64,7450,7588,1}
{52,44,47,64,7646,7756,1}
{56,45,32,64,7838,7956,1}
{64,46,42,64,8030,8202,1}
{72,47,37,64,8232,8438,1}
{71,48,48,64,8430,8672,1}
{69,49,26,64,8684,8996,1}
{45,50,12,64,8702,8936,1}
{52,51,23,64,8946,9100,1}
{57,52,21,64,9174,9308,1}
{64,53,29,64,9414,9600,1}
{76,54,42,64,9642,9856,1}
{75,55,59,64,9838,10070,1}
{76,56,70,64,10056,10266,1}
{75,57,57,64,10240,10480,1}
{76,58,52,64,10466,10642,1}
{71,59,52,64,10640,10856,1}
{74,60,45,64,10846,11066,1}
{72,61,42,64,11046,11246,1}
{69,62,30,64,11264,11530,1}
{45,63,21,64,11274,11516,1}
{52,64,31,64,11494,11688,1}
{57,65,29,64,11686,11798,1}
{60,66,37,64,11860,12048,1}
{64,67,49,64,12050,12266,1}
{69,68,33,64,12248,12456,1}
{40,69,37,64,12466,12572,1}
{71,70,46,64,12470,12750,1}
{52,71,38,64,12654,12826,1}
{56,72,36,64,12842,12990,1}
{64,73,48,64,13032,13226,1}
{68,74,43,64,13218,13452,1}
{71,75,51,64,13422,13646,1}
{45,76,20,64,13634,13830,1}
{72,77,45,64,13642,13966,1}
{52,78,42,64,13868,13954,1}
{57,79,37,64,14054,14146,1}
{64,80,46,64,14258,14416,1}
{76,81,54,64,14442,14666,1}
{75,82,52,64,14646,14854,1}
{76,83,55,64,14828,15010,1}
{75,84,66,64,15002,15220,1}
{76,85,59,64,15214,15387,1}
{71,86,63,64,15384,15578,1}
{74,87,58,64,15570,15761,1}
{72,88,49,64,15754,15964,1}
{69,89,27,64,15982,16260,1}
{45,90,20,64,15984,16232,1}
{52,91,28,64,16192,16402,1}
{57,92,23,64,16394,16622,1}
{60,93,41,64,16564,16778,1}
{64,94,45,64,16766,16962,1}
{69,95,32,64,16946,17168,1}
{40,96,39,64,17152,17322,1}
{71,97,46,64,17162,17438,1}
{52,98,47,64,17340,17520,1}
{56,99,43,64,17528,17720,1}
{64,100,47,64,17740,17936,1}
{72,101,33,64,17958,18150,1}
{71,102,48,64,18152,18390,1}
{69,103,20,64,18406,18834,1}
{45,104,16,64,18426,18676,1}
{52,105,30,64,18672,18874,1}
{57,106,19,64,18910,19078,1}
{71,107,52,64,19096,19358,1}
{72,108,64,64,19282,19540,1}
{74,109,78,64,19486,19764,1}
{76,110,67,64,19714,20498,1}
{48,111,17,64,19746,20092,1}
{55,112,31,64,19936,20172,1}
{60,113,31,64,20188,20368,1}
{67,114,57,64,20380,20626,1}
{77,115,70,64,20624,20916,1}
{76,116,57,64,20856,21100,1}
{74,117,52,64,21076,21782,1}
{43,118,24,64,21084,21236,1}
{55,119,31,64,21286,21452,1}
{59,120,34,64,21506,21596,1}
{65,121,51,64,21696,21910,1}
{76,122,60,64,21906,22174,1}
{74,123,65,64,22098,22382,1}
{45,124,24,64,22348,22642,1}
{72,125,62,64,22352,23010,1}
{52,126,39,64,22558,22770,1}
{57,127,31,64,22790,22968,1}
{64,128,48,64,23024,23258,1}
{74,129,46,64,23258,23494,1}
{72,130,38,64,23496,23754,1}
{40,131,30,64,23757,23930,1}
{71,132,34,64,23772,24072,1}
{52,133,40,64,24002,24056,1}
{64,134,64,64,24170,24260,1}
{64,135,58,64,24436,24538,1}
{76,136,49,64,24656,24782,1}
{64,137,60,64,24846,24906,1}
{76,138,67,64,25066,25104,1}
{76,139,67,64,25274,25404,1}
{88,140,57,64,25468,25626,1}
{75,141,55,64,25684,25856,1}
{76,142,68,64,25902,26018,1}
{75,143,72,64,26070,26266,1}
{76,144,72,64,26268,26442,1}
{75,145,76,64,26466,26646,1}
{76,146,72,64,26656,26808,1}
{75,147,65,64,26828,27024,1}
{76,148,60,64,27020,27202,1}
{75,149,50,64,27216,27420,1}
{76,150,43,64,27408,27622,1}
{75,151,48,64,27606,27828,1}
{76,152,44,64,27812,28024,1}
{71,153,55,64,27996,28206,1}
{74,154,52,64,28202,28408,1}
{72,155,41,64,28402,28670,1}
{69,156,24,64,28668,28992,1}
{45,157,26,64,28682,28976,1}
{52,158,39,64,28906,29152,1}
{57,159,28,64,29110,29300,1}
{60,160,48,64,29298,29516,1}
{64,161,44,64,29506,29691,1}
{69,162,39,64,29686,29904,1}
{71,163,54,64,29906,30190,1}
{40,164,45,64,29936,30064,1}
{52,165,57,64,30110,30226,1}
{56,166,40,64,30310,30450,1}
{64,167,59,64,30500,30740,1}
{68,168,55,64,30680,30914,1}
{71,169,68,64,30888,31114,1}
{45,170,24,64,31108,31320,1}
{72,171,52,64,31118,31386,1}
{52,172,56,64,31312,31498,1}
{57,173,41,64,31512,31682,1}
{64,174,69,64,31685,31894,1}
{76,175,66,64,31904,32110,1}
{75,176,57,64,32096,32325,1}
{76,177,60,64,32320,32508,1}
{75,178,44,64,32528,32728,1}
{76,179,42,64,32726,32926,1}
{71,180,43,64,32926,33110,1}
{74,181,40,64,33124,33328,1}
{72,182,36,64,33314,33544,1}
{69,183,29,64,33536,33818,1}
{45,184,20,64,33556,33788,1}
{52,185,34,64,33780,33906,1}
{57,186,19,64,33988,34200,1}
{60,187,41,64,34168,34392,1}
{64,188,43,64,34372,34590,1}
{69,189,32,64,34572,34813,1}
{40,190,27,64,34800,34936,1}
{71,191,38,64,34810,35118,1}
{52,192,27,64,35030,35130,1}
{56,193,25,64,35216,35396,1}
{64,194,29,64,35438,35670,1}
{72,195,31,64,35670,35884,1}
{71,196,33,64,35894,36147,1}
{45,197,18,64,36132,36380,1}
{69,198,18,64,36144,36586,1}
{52,199,33,64,36370,36562,1}
{57,200,20,64,36622,36772,1}
{71,201,56,64,36814,37084,1}
{72,202,65,64,37024,37296,1}
{74,203,79,64,37228,37496,1}
{76,204,66,64,37450,38160,1}
{48,205,25,64,37470,37774,1}
{55,206,38,64,37666,37868,1}
{60,207,42,64,37892,38216,1}
{67,208,59,64,38108,38340,1}
{77,209,78,64,38342,38620,1}
{76,210,64,64,38552,38798,1}
{74,211,72,64,38762,39412,1}
{43,212,25,64,38786,38932,1}
{55,213,31,64,38972,39128,1}
{59,214,30,64,39182,39282,1}
{65,215,50,64,39366,39562,1}
{76,216,60,64,39578,39806,1}
{74,217,65,64,39768,40022,1}
{45,218,26,64,39998,40262,1}
{72,219,46,64,40001,40554,1}
{52,220,39,64,40184,40438,1}
{57,221,30,64,40426,40614,1}
{64,222,41,64,40654,40852,1}
{74,223,42,64,40884,41064,1}
{72,224,35,64,41096,41326,1}
{71,225,47,64,41324,41620,1}
{40,226,34,64,41350,41516,1}
{52,227,52,64,41566,41614,1}
{64,228,61,64,41774,41816,1}
{64,229,72,64,41976,42108,1}
{76,230,74,64,42186,42314,1}
{64,231,58,64,42396,42484,1}
{76,232,67,64,42596,42640,1}
{76,233,78,64,42786,42994,1}
{88,234,72,64,43014,43190,1}
{75,235,65,64,43230,43456,1}
{76,236,73,64,43474,43618,1}
{75,237,76,64,43670,43882,1}
{76,238,74,64,43870,44080,1}
{75,239,68,64,44086,44288,1}
{76,240,74,64,44280,44451,1}
{75,241,66,64,44448,44666,1}
{76,242,65,64,44644,44862,1}
{75,243,53,64,44834,45066,1}
{76,244,46,64,45050,45266,1}
{75,245,39,64,45250,45492,1}
{76,246,36,64,45492,45686,1}
{71,247,38,64,45696,45926,1}
{74,248,38,64,45924,46162,1}
{72,249,36,64,46150,46390,1}
{69,250,32,64,46384,46682,1}
{45,251,29,64,46396,46626,1}
{52,252,43,64,46596,46798,1}
{57,253,34,64,46790,47040,1}
{60,254,47,64,46978,47222,1}
{64,255,55,64,47174,47422,1}
{69,256,44,64,47376,47634,1}
{71,257,48,64,47606,47926,1}
{40,258,43,64,47614,47754,1}
{52,259,50,64,47796,47970,1}
{56,260,42,64,48004,48158,1}
{64,261,51,64,48202,48438,1}
{68,262,44,64,48406,48648,1}
{71,263,48,64,48624,48862,1}
{45,264,18,64,48850,49040,1}
{72,265,36,64,48862,49198,1}
{52,266,29,64,49092,49186,1}
{57,267,25,64,49300,49508,1}
{64,268,38,64,49494,49676,1}
{76,269,35,64,49706,49918,1}
{75,270,55,64,49900,50126,1}
{76,271,69,64,50112,50332,1}
{75,272,56,64,50300,50556,1}
{76,273,49,64,50538,50732,1}
{71,274,56,64,50712,50930,1}
{74,275,47,64,50930,51127,1}
{72,276,40,64,51124,51330,1}
{45,277,20,64,51348,51560,1}
{69,278,32,64,51348,51604,1}
{52,279,35,64,51570,51742,1}
{57,280,23,64,51766,51980,1}
{60,281,41,64,51950,52156,1}
{64,282,38,64,52162,52348,1}
{69,283,29,64,52351,52606,1}
{40,284,33,64,52588,52696,1}
{71,285,37,64,52592,52862,1}
{52,286,46,64,52782,52890,1}
{56,287,33,64,52980,53162,1}
{64,288,44,64,53194,53436,1}
{72,289,30,64,53442,53646,1}
{71,290,37,64,53646,53902,1}
{45,291,19,64,53908,54224,1}
{69,292,16,64,53930,54536,1}
{52,293,27,64,54194,54408,1}
{57,294,20,64,54512,54634,1}
{64,295,36,64,54934,55094,1}
{72,296,40,64,54942,55142,1}
{58,297,19,64,54944,55148,1}
{60,298,19,64,54954,55084,1}
{72,299,35,64,55260,55442,1}
{57,300,37,64,55266,55438,1}
{65,301,38,64,55274,55394,1}
{60,302,25,64,55278,55414,1}
{72,303,35,64,55658,56224,1}
{58,304,10,64,55676,56070,1}
{64,305,20,64,55686,55870,1}
{67,306,12,64,55692,55918,1}
{60,307,24,64,55694,55946,1}
{55,308,19,64,55708,55988,1}
{65,309,34,64,56046,56454,1}
{69,310,36,64,56200,56548,1}
{53,311,46,64,56388,57670,1}
{72,312,46,64,56442,57548,1}
{57,313,19,64,56720,56934,1}
{60,314,36,64,56930,57136,1}
{57,315,28,64,57154,57376,1}
{77,316,74,64,57456,57852,1}
{60,317,23,64,57502,57708,1}
{57,318,31,64,57698,57790,1}
{76,319,57,64,57804,57848,1}
{76,320,65,64,57906,58412,1}
{53,321,41,64,57948,59036,1}
{58,322,25,64,58136,58314,1}
{74,323,57,64,58342,58814,1}
{62,324,26,64,58354,58536,1}
{58,325,25,64,58548,58756,1}
{82,326,69,64,58780,59214,1}
{62,327,26,64,58836,59118,1}
{58,328,31,64,59042,59110,1}
{81,329,65,64,59170,59210,1}
{81,330,42,64,59300,59682,1}
{53,331,27,64,59344,59576,1}
{79,332,72,64,59570,59868,1}
{64,333,23,64,59612,59760,1}
{77,334,72,64,59802,60038,1}
{58,335,28,64,59806,60028,1}
{55,336,22,64,59844,59938,1}
{53,337,40,64,59852,59994,1}
{76,338,64,64,60026,60330,1}
{64,339,35,64,60070,60148,1}
{74,340,70,64,60248,60514,1}
{58,341,27,64,60258,60508,1}
{53,342,34,64,60282,60386,1}
{55,343,34,64,60290,60389,1}
{72,344,68,64,60450,60762,1}
{64,345,36,64,60504,60632,1}
{70,346,59,64,60684,61182,1}
{53,347,55,64,60716,61274,1}
{57,348,41,64,60910,61102,1}
{69,349,43,64,61148,61576,1}
{60,350,32,64,61158,61378,1}
{57,351,40,64,61392,61614,1}
{70,352,46,64,61610,61722,1}
{60,353,28,64,61648,61730,1}
{69,354,46,64,61656,61784,1}
{67,355,66,64,61782,61924,1}
{69,356,46,64,61888,62016,1}
{57,357,40,64,61900,62068,1}
{70,358,62,64,61990,62178,1}
{72,359,74,64,62122,63140,1}
{53,360,42,64,62136,63508,1}
{57,361,36,64,62364,62560,1}
{60,362,37,64,62594,62778,1}
{57,363,32,64,62824,62990,1}
{74,364,73,64,63064,63350,1}
{60,365,41,64,63092,63274,1}
{75,366,73,64,63284,63588,1}
{57,367,35,64,63312,63426,1}
{76,368,74,64,63518,64082,1}
{52,369,47,64,63540,64182,1}
{57,370,42,64,63724,63894,1}
{60,371,36,64,63946,64176,1}
{76,372,54,64,64174,64478,1}
{57,373,33,64,64182,64394,1}
{50,374,34,64,64428,64680,1}
{77,375,64,64,64432,64780,1}
{62,376,26,64,64442,64776,1}
{69,377,46,64,64648,64918,1}
{53,378,48,64,64683,64880,1}
{72,379,58,64,64890,65894,1}
{55,380,38,64,64906,65118,1}
{64,381,37,64,65146,65312,1}
{55,382,36,64,65390,65564,1}
{64,383,34,64,65626,65798,1}
{74,384,52,64,65841,66182,1}
{55,385,34,64,65854,66152,1}
{65,386,34,64,66060,66168,1}
{71,387,55,64,66168,66300,1}
{64,388,30,64,66280,66520,1}
{60,389,30,64,66284,66504,1}
{72,390,63,64,66294,66390,1}
{79,391,61,64,66396,66462,1}
{67,392,65,64,66512,66574,1}
{79,393,50,64,66622,66710,1}
{69,394,65,64,66728,66806,1}
{79,395,62,64,66840,66914,1}
{67,396,56,64,66938,66996,1}
{65,397,55,64,66941,66990,1}
{71,398,84,64,66952,67024,1}
{79,399,68,64,67070,67138,1}
{64,400,83,64,67160,67216,1}
{67,401,59,64,67160,67216,1}
{72,402,74,64,67164,67246,1}
{79,403,71,64,67274,67352,1}
{65,404,62,64,67384,67432,1}
{67,405,64,64,67386,67442,1}
{74,406,78,64,67388,67484,1}
{62,407,66,64,67390,67442,1}
{79,408,71,64,67502,67562,1}
{67,409,63,64,67622,67682,1}
{76,410,69,64,67625,67692,1}
{64,411,51,64,67632,67710,1}
{60,412,35,64,67644,67718,1}
{79,413,88,64,67740,67858,1}
{84,414,77,64,67840,67980,1}
{83,415,88,64,67964,68092,1}
{53,416,73,64,68062,68180,1}
{81,417,74,64,68076,68222,1}
{57,418,12,64,68100,68210,1}
{79,419,82,64,68190,68306,1}
{77,420,67,64,68294,68420,1}
{76,421,63,64,68394,68536,1}
{74,422,73,64,68498,68584,1}
{55,423,43,64,68512,68606,1}
{59,424,35,64,68514,68587,1}
{79,425,68,64,68608,68726,1}
{77,426,63,64,68716,68812,1}
{74,427,51,64,68836,68888,1}
{72,428,54,64,68948,69022,1}
{60,429,32,64,68956,69124,1}
{79,430,58,64,69062,69130,1}
{67,431,55,64,69182,69240,1}
{79,432,68,64,69286,69364,1}
{69,433,58,64,69400,69462,1}
{79,434,65,64,69514,69576,1}
{67,435,60,64,69604,69660,1}
{65,436,61,64,69608,69658,1}
{71,437,80,64,69614,69672,1}
{79,438,64,64,69728,69786,1}
{72,439,71,64,69820,69914,1}
{67,440,65,64,69820,69884,1}
{64,441,79,64,69822,69874,1}
{79,442,80,64,69930,70006,1}
{74,443,77,64,70038,70160,1}
{65,444,64,64,70038,70092,1}
{67,445,63,64,70038,70094,1}
{62,446,61,64,70048,70100,1}
{79,447,83,64,70150,70226,1}
{67,448,66,64,70280,70375,1}
{76,449,70,64,70282,70372,1}
{64,450,52,64,70294,70422,1}
{60,451,47,64,70298,70432,1}
{79,452,88,64,70400,70520,1}
{84,453,80,64,70512,70660,1}
{83,454,87,64,70636,70766,1}
{57,455,48,64,70732,70910,1}
{53,456,72,64,70738,70890,1}
{81,457,71,64,70748,70892,1}
{79,458,82,64,70864,70990,1}
{77,459,66,64,70972,71096,1}
{76,460,70,64,71076,71224,1}
{74,461,81,64,71192,71312,1}
{55,462,32,64,71220,71350,1}
{59,463,33,64,71226,71300,1}
{79,464,83,64,71315,71480,1}
{77,465,70,64,71432,71550,1}
{74,466,76,64,71530,71648,1}
{76,467,76,64,71664,71775,1}
{56,468,38,64,71670,72442,1}
{59,469,43,64,71684,72388,1}
{77,470,75,64,71772,71920,1}
{76,471,53,64,71886,72008,1}
{75,472,61,64,72011,72160,1}
{76,473,64,64,72152,72288,1}
{71,474,59,64,72260,72366,1}
{76,475,42,64,72374,72510,1}
{75,476,59,64,72500,72664,1}
{76,477,58,64,72648,72780,1}
{71,478,59,64,72766,72858,1}
{76,479,46,64,72912,73066,1}
{75,480,57,64,73048,73322,1}
{76,481,60,64,73294,74368,1}
{71,482,37,64,74306,74590,1}
{76,483,49,64,74574,74858,1}
{75,484,42,64,74836,75292,1}
{76,485,25,64,75248,76458,1}
{71,486,32,64,76368,76800,1}
{76,487,27,64,76828,77204,1}
{75,488,30,64,77180,77544,1}
{76,489,36,64,77504,77786,1}
{75,490,40,64,77762,78032,1}
{76,491,45,64,78004,78232,1}
{75,492,44,64,78208,78448,1}
{76,493,46,64,78434,78654,1}
{75,494,38,64,78626,78864,1}
{76,495,30,64,78864,79034,1}
{75,496,27,64,79048,79282,1}
{76,497,39,64,79284,79475,1}
{71,498,40,64,79472,79664,1}
{74,499,35,64,79674,79882,1}
{72,500,34,64,79866,80080,1}
{45,501,17,64,80096,80338,1}
{69,502,20,64,80100,80382,1}
{52,503,26,64,80341,80466,1}
{57,504,26,64,80534,80734,1}
{60,505,42,64,80710,80888,1}
{64,506,43,64,80896,81086,1}
{69,507,33,64,81084,81310,1}
{71,508,42,64,81310,81616,1}
{40,509,26,64,81330,81438,1}
{52,510,42,64,81500,81570,1}
{56,511,34,64,81708,81888,1}
{64,512,40,64,81910,82116,1}
{68,513,32,64,82090,82324,1}
{71,514,41,64,82296,82534,1}
{45,515,11,64,82516,82740,1}
{72,516,39,64,82532,82840,1}
{52,517,31,64,82750,82850,1}
{57,518,27,64,82956,83148,1}
{64,519,47,64,83160,83348,1}
{76,520,49,64,83360,83560,1}
{75,521,63,64,83536,83756,1}
{76,522,69,64,83730,83938,1}
{75,523,58,64,83922,84164,1}
{76,524,57,64,84150,84344,1}
{71,525,52,64,84318,84536,1}
{74,526,52,64,84526,84713,1}
{72,527,39,64,84708,84942,1}
{69,528,24,64,84940,85280,1}
{45,529,17,64,84970,85198,1}
{52,530,34,64,85148,85312,1}
{57,531,28,64,85342,85516,1}
{60,532,43,64,85510,85733,1}
{64,533,47,64,85708,85928,1}
{69,534,32,64,85900,86160,1}
{71,535,41,64,86124,86364,1}
{40,536,28,64,86136,86236,1}
{52,537,32,64,86334,86414,1}
{56,538,21,64,86514,86680,1}
{62,539,39,64,86720,86908,1}
{72,540,28,64,86936,87128,1}
{71,541,36,64,87136,87356,1}
{45,542,12,64,87342,87576,1}
{69,543,21,64,87384,87712,1}
{52,544,27,64,87616,87714,1}
{57,545,23,64,87886,88032,1}
{71,546,60,64,88114,88378,1}
{72,547,67,64,88312,88562,1}
{74,548,79,64,88510,88754,1}
{76,549,63,64,88736,89410,1}
{48,550,26,64,88736,89058,1}
{55,551,41,64,88928,89140,1}
{60,552,49,64,89152,89304,1}
{67,553,59,64,89330,89546,1}
{77,554,71,64,89549,89802,1}
{76,555,58,64,89738,89996,1}
{74,556,54,64,89964,90408,1}
{43,557,26,64,89988,90134,1}
{55,558,42,64,90186,90280,1}
{59,559,40,64,90412,90518,1}
{65,560,41,64,90588,90794,1}
{76,561,41,64,90812,91016,1}
{74,562,46,64,91008,91242,1}
{72,563,34,64,91232,91688,1}
{45,564,21,64,91238,91494,1}
{52,565,39,64,91442,91644,1}
{57,566,24,64,91658,91814,1}
{64,567,35,64,91874,92096,1}
{74,568,38,64,92108,92318,1}
{72,569,27,64,92336,92616,1}
{71,570,31,64,92626,92930,1}
{40,571,28,64,92638,92794,1}
{52,572,42,64,92904,92956,1}
{64,573,49,64,93108,93156,1}
{64,574,67,64,93322,93400,1}
{76,575,52,64,93528,93640,1}
{64,576,43,64,93750,93814,1}
{76,577,65,64,93934,93974,1}
{76,578,61,64,94138,94280,1}
{88,579,59,64,94324,94508,1}
{75,580,62,64,94524,94692,1}
{76,581,70,64,94732,94852,1}
{75,582,73,64,94900,95116,1}
{76,583,72,64,95104,95300,1}
{75,584,66,64,95308,95496,1}
{76,585,66,64,95506,95634,1}
{75,586,54,64,95662,95880,1}
{76,587,57,64,95856,96062,1}
{75,588,51,64,96042,96266,1}
{76,589,42,64,96256,96470,1}
{75,590,35,64,96458,96698,1}
{76,591,43,64,96694,96898,1}
{71,592,38,64,96900,97114,1}
{74,593,37,64,97102,97299,1}
{72,594,34,64,97296,97508,1}
{45,595,19,64,97524,97726,1}
{69,596,21,64,97524,97790,1}
{52,597,25,64,97746,97864,1}
{57,598,23,64,97936,98142,1}
{60,599,36,64,98120,98322,1}
{64,600,44,64,98310,98536,1}
{69,601,38,64,98500,98728,1}
{71,602,53,64,98718,98980,1}
{40,603,41,64,98728,98862,1}
{52,604,53,64,98918,99088,1}
{56,605,44,64,99112,99292,1}
{64,606,56,64,99310,99542,1}
{68,607,41,64,99498,99722,1}
{71,608,52,64,99698,99930,1}
{45,609,20,64,99928,100142,1}
{72,610,43,64,99930,100208,1}
{52,611,32,64,100146,100240,1}
{57,612,18,64,100326,100478,1}
{64,613,40,64,100524,100722,1}
{76,614,46,64,100742,100952,1}
{75,615,48,64,100938,101152,1}
{76,616,60,64,101140,101354,1}
{75,617,53,64,101332,101554,1}
{76,618,42,64,101542,101740,1}
{71,619,47,64,101738,101924,1}
{74,620,42,64,101948,102148,1}
{72,621,38,64,102151,102396,1}
{69,622,24,64,102408,102686,1}
{45,623,19,64,102408,102644,1}
{52,624,27,64,102664,102814,1}
{57,625,17,64,102848,103086,1}
{60,626,31,64,103018,103228,1}
{64,627,37,64,103218,103426,1}
{69,628,24,64,103412,103678,1}
{71,629,31,64,103646,103968,1}
{40,630,26,64,103656,103748,1}
{52,631,36,64,103854,103948,1}
{56,632,28,64,104054,104246,1}
{62,633,30,64,104286,104520,1}
{72,634,25,64,104538,104770,1}
{71,635,35,64,104782,105070,1}
{45,636,28,64,105094,105262,1}
{69,637,18,64,105108,106052,1}
{45,638,26,64,105388,105514,1}
{45,639,36,64,105620,105726,1}
{45,640,39,64,105822,105916,1}
{45,641,41,64,106026,106104,1}
{45,642,38,64,106216,106286,1}
{73,643,62,64,106424,107610,1}
{70,644,40,64,106431,107737,1}
{67,645,28,64,106441,107677,1}
{45,646,32,64,106442,106526,1}
{64,647,20,64,106451,107476,1}
{45,648,37,64,106630,106730,1}
{45,649,40,64,106850,106936,1}
{45,650,27,64,107078,107158,1}
{45,651,26,64,107288,107368,1}
{45,652,36,64,107488,107552,1}
{74,653,69,64,107696,108446,1}
{45,654,33,64,107712,107792,1}
{65,655,44,64,107712,108090,1}
{69,656,28,64,107712,108070,1}
{45,657,40,64,107886,107986,1}
{45,658,36,64,108112,108194,1}
{45,659,35,64,108366,108446,1}
{76,660,68,64,108586,108756,1}
{45,661,34,64,108600,108674,1}
{73,662,44,64,108605,108682,1}
{77,663,80,64,108780,108890,1}
{45,664,35,64,108792,108858,1}
{74,665,72,64,108795,108850,1}
{77,666,65,64,108976,109680,1}
{74,667,71,64,108984,109618,1}
{68,668,64,64,108987,109712,1}
{45,669,39,64,109008,109090,1}
{45,670,31,64,109190,109290,1}
{45,671,31,64,109462,109540,1}
{45,672,28,64,109716,109792,1}
{77,673,65,64,109906,110341,1}
{68,674,48,64,109906,110102,1}
{45,675,31,64,109924,110000,1}
{74,676,46,64,109926,110094,1}
{45,677,29,64,110128,110208,1}
{69,678,38,64,110328,111278,1}
{76,679,60,64,110330,111218,1}
{45,680,39,64,110338,110438,1}
{72,681,35,64,110341,111212,1}
{45,682,39,64,110534,110638,1}
{45,683,48,64,110726,110818,1}
{45,684,41,64,110930,111022,1}
{45,685,37,64,111130,111212,1}
{45,686,48,64,111346,111404,1}
{74,687,81,64,111552,112244,1}
{65,688,59,64,111557,112278,1}
{45,689,47,64,111572,111658,1}
{38,690,47,64,111582,111652,1}
{38,691,42,64,111758,111838,1}
{45,692,38,64,111764,111841,1}
{45,693,23,64,111996,112088,1}
{38,694,36,64,112002,112076,1}
{38,695,43,64,112248,112318,1}
{45,696,19,64,112266,112344,1}
{72,697,60,64,112442,112548,1}
{64,698,50,64,112448,112520,1}
{45,699,18,64,112462,112540,1}
{38,700,50,64,112465,112530,1}
{71,701,78,64,112648,112880,1}
{62,702,59,64,112662,112726,1}
{38,703,61,64,112668,112754,1}
{45,704,21,64,112690,112768,1}
{39,705,68,64,112874,113072,1}
{69,706,62,64,112874,113522,1}
{45,707,24,64,112884,113006,1}
{60,708,48,64,112888,113558,1}
{66,709,20,64,112888,113584,1}
{39,710,67,64,113144,113252,1}
{45,711,28,64,113164,113234,1}
{39,712,40,64,113348,113454,1}
{45,713,19,64,113358,113438,1}
{39,714,44,64,113570,113670,1}
{45,715,32,64,113570,113644,1}
{69,716,59,64,113780,114022,1}
{60,717,54,64,113782,113982,1}
{39,718,43,64,113796,113868,1}
{66,719,33,64,113798,114216,1}
{45,720,25,64,113800,113880,1}
{45,721,25,64,113990,114062,1}
{39,722,50,64,113994,114082,1}
{69,723,62,64,114202,114706,1}
{60,724,53,64,114210,114558,1}
{45,725,50,64,114220,114298,1}
{40,726,67,64,114222,114303,1}
{45,727,36,64,114402,114500,1}
{40,728,60,64,114418,114496,1}
{72,729,57,64,114620,115075,1}
{40,730,42,64,114636,114702,1}
{64,731,44,64,114642,114818,1}
{45,732,20,64,114648,114728,1}
{45,733,39,64,114804,114880,1}
{40,734,37,64,114836,114904,1}
{71,735,51,64,115048,115588,1}
{44,736,43,64,115072,115144,1}
{62,737,29,64,115072,115332,1}
{40,738,51,64,115075,115136,1}
{40,739,36,64,115258,115418,1}
{44,740,33,64,115288,115354,1}
{69,741,31,64,115540,116428,1}
{33,742,26,64,115542,115834,1}
{45,743,36,64,115550,115662,1}
{60,744,25,64,115554,116318,1}
{45,745,31,64,115816,115902,1}
{45,746,26,64,116022,116090,1}
{45,747,35,64,116246,116310,1}
{45,748,35,64,116440,116516,1}
{45,749,41,64,116654,116716,1}
{73,750,73,64,116894,118304,1}
{70,751,48,64,116908,118326,1}
{67,752,50,64,116912,117648,1}
{64,753,57,64,116912,117872,1}
{45,754,45,64,116924,117032,1}
{45,755,31,64,117168,117240,1}
{45,756,40,64,117408,117474,1}
{45,757,43,64,117614,117682,1}
{45,758,49,64,117822,117886,1}
{45,759,56,64,118040,118094,1}
{74,760,86,64,118256,119072,1}
{45,761,52,64,118262,118366,1}
{69,762,46,64,118268,118626,1}
{65,763,47,64,118270,118700,1}
{45,764,47,64,118444,118540,1}
{45,765,37,64,118660,118726,1}
{45,766,54,64,118884,118944,1}
{76,767,73,64,119080,119324,1}
{73,768,59,64,119096,119244,1}
{45,769,51,64,119108,119164,1}
{77,770,87,64,119276,119414,1}
{74,771,74,64,119279,119364,1}
{45,772,33,64,119296,119356,1}
{77,773,89,64,119476,120038,1}
{74,774,81,64,119488,119948,1}
{45,775,50,64,119494,119576,1}
{45,776,44,64,119680,119770,1}
{45,777,47,64,119902,119970,1}
{45,778,62,64,120124,120196,1}
{77,779,87,64,120338,120606,1}
{74,780,78,64,120342,120516,1}
{45,781,69,64,120344,120432,1}
{45,782,59,64,120572,120680,1}
{77,783,83,64,120894,122202,1}
{46,784,77,64,120898,121154,1}
{74,785,73,64,120902,122006,1}
{46,786,58,64,121218,121350,1}
{46,787,50,64,121438,121566,1}
{46,788,43,64,121658,121774,1}
{46,789,37,64,121882,121988,1}
{46,790,45,64,122132,122214,1}
{75,791,67,64,122406,123212,1}
{67,792,51,64,122416,123282,1}
{46,793,41,64,122428,122590,1}
{46,794,44,64,122668,122784,1}
{46,795,38,64,122900,122992,1}
{46,796,29,64,123146,123226,1}
{74,797,66,64,123340,123390,1}
{46,798,39,64,123346,123442,1}
{65,799,45,64,123350,123404,1}
{72,800,66,64,123558,123736,1}
{46,801,40,64,123574,123654,1}
{63,802,43,64,123582,123638,1}
{70,803,61,64,123784,124582,1}
{46,804,44,64,123790,123898,1}
{62,805,43,64,123808,124218,1}
{65,806,10,64,123814,124200,1}
{46,807,36,64,123998,124098,1}
{46,808,33,64,124222,124316,1}
{46,809,34,64,124476,124558,1}
{69,810,41,64,124694,125010,1}
{65,811,30,64,124704,124901,1}
{62,812,28,64,124710,124908,1}
{46,813,26,64,124718,124794,1}
{46,814,25,64,124948,125030,1}
{68,815,40,64,125180,125748,1}
{47,816,43,64,125190,125330,1}
{65,817,10,64,125206,125562,1}
{62,818,17,64,125214,125692,1}
{47,819,33,64,125442,125548,1}
{47,820,24,64,125680,125766,1}
{47,821,31,64,125926,126010,1}
{68,822,26,64,126188,127070,1}
{47,823,33,64,126194,126282,1}
{62,824,23,64,126200,126430,1}
{65,825,21,64,126206,126322,1}
{47,826,23,64,126484,126574,1}
{69,827,19,64,126906,127764,1}
{48,828,11,64,126926,127792,1}
{60,829,15,64,126930,127767,1}
{64,830,17,64,126936,127740,1}
{71,831,28,64,128632,129024,1}
{56,832,19,64,128640,128956,1}
{52,833,20,64,128646,128862,1}
{64,834,14,64,128648,128912,1}
{33,835,19,64,130254,130476,1}
{57,836,22,64,130264,130396,1}
{45,837,24,64,130268,130402,1}
{60,838,29,64,130430,130538,1}
{64,839,34,64,130594,130656,1}
{69,840,31,64,130734,130834,1}
{72,841,29,64,130874,131018,1}
{76,842,39,64,131021,131175,1}
{60,843,29,64,131172,131340,1}
{74,844,57,64,131172,131322,1}
{64,845,24,64,131179,131332,1}
{57,846,7,64,131212,131338,1}
{72,847,49,64,131308,131414,1}
{71,848,63,64,131429,131542,1}
{69,849,52,64,131568,131696,1}
{57,850,30,64,131590,131748,1}
{60,851,29,64,131590,131774,1}
{64,852,34,64,131596,131738,1}
{72,853,54,64,131712,131836,1}
{76,854,59,64,131839,131880,1}
{81,855,75,64,131974,132114,1}
{84,856,81,64,132102,132258,1}
{88,857,71,64,132238,132430,1}
{86,858,79,64,132378,132548,1}
{64,859,38,64,132400,132494,1}
{60,860,29,64,132406,132502,1}
{57,861,25,64,132410,132500,1}
{84,862,85,64,132504,132644,1}
{83,863,91,64,132630,132744,1}
{81,864,70,64,132762,132912,1}
{57,865,31,64,132804,132970,1}
{64,866,32,64,132808,132936,1}
{60,867,24,64,132810,132960,1}
{84,868,63,64,132914,133038,1}
{88,869,63,64,133028,133070,1}
{93,870,66,64,133186,133328,1}
{96,871,65,64,133324,133470,1}
{100,872,51,64,133462,133637,1}
{98,873,64,64,133634,133794,1}
{57,874,20,64,133644,133828,1}
{60,875,20,64,133648,133786,1}
{64,876,20,64,133654,133806,1}
{96,877,50,64,133798,133918,1}
{95,878,40,64,133946,134144,1}
{94,879,31,64,134104,134286,1}
{60,880,16,64,134112,134408,1}
{64,881,22,64,134126,134346,1}
{57,882,15,64,134134,134422,1}
{93,883,36,64,134260,134412,1}
{92,884,39,64,134406,134532,1}
{91,885,46,64,134552,134684,1}
{90,886,52,64,134664,134818,1}
{89,887,55,64,134808,134926,1}
{88,888,56,64,134926,135072,1}
{87,889,52,64,135044,135218,1}
{86,890,59,64,135166,135306,1}
{85,891,57,64,135292,135432,1}
{84,892,66,64,135418,135580,1}
{83,893,84,64,135538,135674,1}
{82,894,54,64,135662,135801,1}
{81,895,55,64,135798,135940,1}
{80,896,57,64,135916,136100,1}
{79,897,55,64,136054,136182,1}
{78,898,49,64,136182,136330,1}
{77,899,49,64,136340,136566,1}
{76,900,35,64,136534,136842,1}
{75,901,43,64,136810,137088,1}
{76,902,47,64,137066,137310,1}
{71,903,50,64,137278,137507,1}
{74,904,46,64,137504,137732,1}
{72,905,38,64,137710,137956,1}
{45,906,20,64,137970,138228,1}
{69,907,27,64,137970,138254,1}
{52,908,32,64,138208,138314,1}
{57,909,26,64,138422,138668,1}
{60,910,37,64,138602,138790,1}
{64,911,43,64,138788,139010,1}
{69,912,32,64,138990,139238,1}
{71,913,45,64,139214,139576,1}
{40,914,28,64,139224,139358,1}
{52,915,41,64,139426,139516,1}
{56,916,35,64,139634,139836,1}
{64,917,42,64,139844,140044,1}
{68,918,35,64,140026,140268,1}
{71,919,36,64,140238,140488,1}
{45,920,13,64,140482,140696,1}
{72,921,21,64,140491,140886,1}
{52,922,29,64,140744,140826,1}
{57,923,17,64,140978,141200,1}
{64,924,38,64,141160,141326,1}
{76,925,46,64,141374,141578,1}
{75,926,50,64,141568,141798,1}
{76,927,63,64,141794,141996,1}
{75,928,46,64,141984,142215,1}
{76,929,49,64,142212,142414,1}
{71,930,31,64,142428,142626,1}
{74,931,36,64,142642,142870,1}
{72,932,33,64,142858,143108,1}
{69,933,21,64,143114,143382,1}
{45,934,18,64,143130,143344,1}
{52,935,23,64,143370,143570,1}
{57,936,25,64,143572,143840,1}
{60,937,34,64,143762,143942,1}
{64,938,35,64,143958,144128,1}
{69,939,21,64,144148,144418,1}
{71,940,33,64,144384,144670,1}
{40,941,34,64,144387,144494,1}
{52,942,30,64,144594,144712,1}
{56,943,15,64,144766,144938,1}
{62,944,35,64,144986,145164,1}
{72,945,31,64,145208,145420,1}
{71,946,34,64,145423,145670,1}
{45,947,14,64,145674,145886,1}
{69,948,22,64,145680,146102,1}
{52,949,26,64,145946,146060,1}
{57,950,26,64,146236,146330,1}
{71,951,53,64,146476,146728,1}
{72,952,57,64,146674,146924,1}
{74,953,64,64,146896,147142,1}
{76,954,53,64,147130,147812,1}
{48,955,23,64,147136,147440,1}
{55,956,38,64,147352,147556,1}
{60,957,37,64,147576,147816,1}
{67,958,56,64,147758,147978,1}
{77,959,73,64,147984,148242,1}
{76,960,63,64,148184,148410,1}
{74,961,61,64,148396,148750,1}
{43,962,29,64,148414,148560,1}
{55,963,44,64,148602,148704,1}
{59,964,45,64,148818,149012,1}
{65,965,44,64,149022,149242,1}
{76,966,43,64,149264,149492,1}
{74,967,47,64,149480,149744,1}
{72,968,41,64,149730,150188,1}
{45,969,19,64,149735,150024,1}
{52,970,33,64,149966,150162,1}
{57,971,26,64,150182,150442,1}
{64,972,32,64,150412,150612,1}
{74,973,36,64,150642,150852,1}
{72,974,30,64,150860,151124,1}
{71,975,32,64,151130,151464,1}
{40,976,35,64,151140,151290,1}
{52,977,45,64,151418,151470,1}
{64,978,50,64,151626,151670,1}
{64,979,58,64,151836,151970,1}
{76,980,60,64,152038,152146,1}
{64,981,64,64,152242,152382,1}
{76,982,63,64,152452,152516,1}
{76,983,64,64,152654,152832,1}
{88,984,52,64,152866,153110,1}
{75,985,49,64,153086,153252,1}
{76,986,57,64,153310,153488,1}
{75,987,55,64,153504,153722,1}
{76,988,59,64,153710,153908,1}
{75,989,51,64,153922,154132,1}
{76,990,51,64,154132,154278,1}
{75,991,42,64,154300,154504,1}
{76,992,55,64,154498,154714,1}
{75,993,54,64,154696,154938,1}
{76,994,55,64,154926,155128,1}
{75,995,50,64,155114,155342,1}
{76,996,50,64,155332,155542,1}
{71,997,41,64,155536,155734,1}
{74,998,39,64,155748,155958,1}
{72,999,38,64,155948,156184,1}
{69,1000,24,64,156196,156528,1}
{45,1001,23,64,156204,156326,1}
{52,1002,23,64,156430,156570,1}
{57,1003,12,64,156644,156790,1}
{60,1004,32,64,156828,157050,1}
{64,1005,40,64,157028,157242,1}
{69,1006,27,64,157224,157472,1}
{71,1007,35,64,157454,157752,1}
{40,1008,21,64,157472,157590,1}
{52,1009,42,64,157662,157804,1}
{56,1010,38,64,157854,158050,1}
{64,1011,48,64,158060,158304,1}
{68,1012,35,64,158264,158508,1}
{71,1013,39,64,158468,158710,1}
{72,1014,27,64,158710,159142,1}
{45,1015,14,64,158724,158912,1}
{52,1016,27,64,158940,159048,1}
{57,1017,15,64,159170,159458,1}
{64,1018,30,64,159382,159574,1}
{76,1019,37,64,159614,159822,1}
{75,1020,51,64,159810,160052,1}
{76,1021,59,64,160030,160214,1}
{75,1022,47,64,160226,160478,1}
{76,1023,38,64,160472,160664,1}
{71,1024,24,64,160696,160898,1}
{74,1025,31,64,160900,161122,1}
{72,1026,31,64,161112,161370,1}
{69,1027,23,64,161364,161646,1}
{45,1028,9,64,161384,161598,1}
{52,1029,24,64,161620,161756,1}
{57,1030,21,64,161830,162024,1}
{60,1031,29,64,162048,162300,1}
{64,1032,34,64,162266,162500,1}
{69,1033,22,64,162488,162800,1}
{71,1034,28,64,162778,163406,1}
{40,1035,34,64,162788,162947,1}
{52,1036,27,64,163096,163194,1}
{56,1037,30,64,163310,163726,1}
{62,1038,39,64,163580,163938,1}
{72,1039,31,64,163956,164364,1}
{71,1040,34,64,164304,165130,1}
{69,1041,11,64,165004,167742,1}
{33,1042,18,64,165006,167696,1}
{45,1043,18,64,165006,167696,1}
